5761.2
10101.8
10779.6
15700.2
18103.2
18466.4
15546
16290.8
16367.4
18711.6
18032.6
21038
24398.2
19822.8
16927.6
13535.8
13117.8
12957.6
15680.8
16614.6
20931.4
17688.4
13242.8
14431.4
17995.8
18153
22759.6
28274.8
30239.4
24350.4
22849.6
21068.6
17072.4
13849
18617.2
16621.4
15809.8
17069.2
19271.2
16851.8
13979.2
16213.2
17756
17844.4
16662.2
19309
15191.2
15983.2
12523.6
12209.4
11691.6
16662.8
17321.6
18942
19467.8
22015.2
16511
12566.2
13219.2
16704.8
11951.4
11798.4
11358.6
13439
13999.8
20364.4
26125.2
26499.8
26698.6
26367.6
23692.8
21841.4
24637
20106.8
19000.8
20082.8
21621.6
18250.6
20426.4
20825.6
20016
20034.8
21113
22932.8
19534.8
21019.6
20776.8
18914
18524
23173.6
19210.8
15230.2
16126.6
16094.6
11185.6
15644.8
20447.6
25415
22269.4
25988.6
19963.8
13708.6
7265.8
4909.8
